111
112
113
115
116
117
118
119
121
122
123
125
126
127
128
129
131
132
133
135
136
137
138
139
151
152
153
155
156
157
158
159
161
162
163
165
166
167
168
169
171
172
173
175
176
177
178
179
181
182
183
185
186
187
188
189
191
192
193
195
196
197
198
199
211
212
213
215
216
217
218
219
221
222
223
225
226
227
228
229
231
232
233
235
236
237
238
239
251
252
253
255
256
257
258
259
261
262
263
265
266
267
268
269
271
272
273
275
276
277
278
279
281
282
283
285
286
287
288
289
291
292
293
295
296
297
298
299
311
312
313
315
316
317
318
319
321
322
323
325
326
327
328
329
331
332
333
335
336
337
338
339
351
352
353
355
356
357
358
359
361
362
363
365
366
367
368
369
371
372
373
375
376
377
378
379
381
382
383
385
386
387
388
389
391
392
393
395
396
397
398
399
511
512
513
515
516
517
518
519
521
522
523
525
526
527
528
529
531
532
533
535
536
537
538
539
551
552
553
555
556
557
558
559
561
562
563
565
566
567
568
569
571
572
573
575
576
577
578
579
581
582
583
585
586
587
588
589
591
592
593
595
596
597
598
599
611
612
613
615
616
617
618
619
621
622
623
625
626
627
628
629
631
632
633
635
636
637
638
639
651
652
653
655
656
657
658
659
661
662
663
665
666
667
668
669
671
672
673
675
676
677
678
679
681
682
683
685
686
687
688
689
691
692
693
695
696
697
698
699
711
712
713
715
716
717
718
719
721
722
723
725
726
727
728
729
731
732
733
735
736
737
738
739
751
752
753
755
756
757
758
759
761
762
763
765
766
767
768
769
771
772
773
775
776
777
778
779
781
782
783
785
786
787
788
789
791
792
793
795
796
797
798
799
811
812
813
815
816
817
818
819
821
822
823
825
826
827
828
829
831
832
833
835
836
837
838
839
851
852
853
855
856
857
858
859
861
862
863
865
866
867
868
869
871
872
873
875
876
877
878
879
881
882
883
885
886
887
888
889
891
892
893
895
896
897
898
899
911
912
913
915
916
917
918
919
921
922
923
925
926
927
928
929
931
932
933
935
936
937
938
939
951
952
953
955
956
957
958
959
961
962
963
965
966
967
968
969
971
972
973
975
976
977
978
979
981
982
983
985
986
987
988
989
991
992
993
995
996
997
998
999