0
1
2
3
4
5
6
7
8
9
a
b
c
d
e
f
g
h
i
j
k
l
m
n
o
p
q
r
s
t
u
v
w
x
y
z
11
12
13
15
16
17
18
19
21
22
23
25
26
27
28
29
31
32
33
35
36
37
38
39
51
52
53
55
56
57
58
59
61
62
63
65
66
67
68
69
71
72
73
75
76
77
78
79
81
82
83
85
86
87
88
89
91
92
93
95
96
97
98
99
00
01
02
03
04
05
06
07
08
09
10
14
20
24
30
34
40
41
42
43
44
45
46
47
48
49
50
54
60
64
70
74
80
84
90
94
111
112
113
115
116
117
118
119
121
122
123
125
126
128
131
133
136
138
151
152
155
156
158
161
162
163
165
166
168
169
171
176
177
178
181
182
183
185
186
187
188
189
191
196
198
199
211
212
216
218
221
222
223
225
226
227
228
229
232
233
236
238
252
255
256
258
261
262
263
265
266
267
268
269
272
277
278
281
282
283
285
286
287
288
289
292
296
298
299
311
313
316
318
321
322
323
326
328
331
332
333
335
336
337
338
339
355
356
358
361
362
363
365
366
367
368
369
376
377
378
381
382
383
385
386
387
388
389
393
396
399
511
512
515
516
518
521
522
526
528
533
536
538
551
552
553
555
556
557
558
559
561
562
563
565
566
567
568
569
575
576
577
578
581
582
583
585
586
587
588
589
596
598
599
611
612
613
615
616
617
618
619
621
622
623
625
626
627
628
629
631
632
633
635
636
637
638
639
651
652
653
655
656
657
658
659
661
662
663
665
666
667
668
669
671
672
673
675
676
677
678
679
681
682
683
685
686
687
688
689
691
692
693
695
696
697
698
699
711
716
718
722
726
728
733
736
738
755
756
757
758
761
762
763
765
766
767
768
769
771
772
773
775
776
777
778
779
781
782
783
785
786
787
788
789
796
797
798
799
811
812
813
815
816
817
818
819
821
822
823
825
826
827
828
829
831
832
833
835
836
837
838
839
851
852
853
855
856
857
858
859
861
862
863
865
866
867
868
869
871
872
873
875
876
877
878
879
881
882
883
885
886
887
888
889
891
892
893
895
896
897
898
899
911
916
918
919
922
926
928
933
936
938
939
955
956
958
959
961
962
963
965
966
967
968
969
976
977
978
979
981
982
983
985
986
987
988
989
991
992
993
995
996
997
998
999
012
444
234
345
456
654
543
432
246
248
008
007
001
006
1111
2222
3333
4444
5555
6666
7777
8888
9999
1234
aa
bb
cc
dd
ee
ff
gg
hh
ii
jj
kk
ll
mm
nn
oo
pp
qq
rr
ss
tt
uu
vv
ww
xx
yy
zz
jd
qq
zg
sz
bj
sh
gz
gd
js
hn
fj
zj
sx
cq
wh
sy
cd
zh
jl
sd
cn
2345
3456
4567
5678
6789
1357
2468
8642
8884
8885
8886
8887
8889
1888
2888
2888
4888
5888
6888
7888
9888
8881
8882
8883
1122
1133
1144
1155
1166
1177
1188
1199
2211
2233
2244
2255
2266
2277
2288
2299
3311
3322
3344
3333
3355
3366
3377
3388
3399
5511
5522
5533
5544
5555
5566
5577
5588
5599
6611
6622
6644
6633
6655
6677
6688
6699
7711
7722
7733
7755
7766
7744
7788
7799
8811
8822
8833
8844
8855
8866
8877
9911
9922
9933
9944
9955
9966
9977
9988
66666
666666
88888
888888
11111
22222
33333
44444
55555
77777
99999
12345
123456
111111
222222
333333
444444
555555
777777
1000
2000
3000
4000
5000
6000
7000
8000
9000
alibaba
baidu
alipay
google
pingguo
xigua
putao
mangguo
ningmeng
huanggua
yingtao
mogu
baihe
meigui
mudan
huaban
laohu
baozi
houzi
shizi
hudie
mayi
tuzi
daxiang
zhongguo
beijing
shanghai
shenzhen
guangzhou
aaa
bbb
ccc
ddd
eee
fff
ggg
hhh
iii
jjj
kkk
lll
mmm
nnn
ooo
ppp
qqq
rrr
sss
ttt
uuu
vvv
www
xxx
yyy
zzz
bao
che
cha
chi
chen
dai
ding
fang
gua
han
hao
hong
hua
huang
huo
jia
jiao
jin
juan
jun
lang
lan
lei
lin
liu
long
mai
mao
mei
meng
miao
niao
niu
pai
piao
qin
que
rong
san
shai
shan
shang
she
shen
shi
shu
song
sou
sun
tang
tao
tiao
tie
ting
tuan
wan
wang
wen
xia
xiang
xiao
xie
xin
xing
xiong
xiu
xue
yao
yang
ying
you
yun
zhou
zhu