11111
22222
33333
44444
55555
66666
77777
88888
99999
01234
12345
23456
34567
45678
56789
67890
98765
87654
76543
65432
54321
12388
56788
11112
11113
11115
11116
11117
11118
11119
22221
22223
22225
22226
22227
22228
22229
33331
33332
33335
33336
33337
33338
33339
55551
55552
55553
55556
55557
55558
55559
66661
66662
66663
66665
66667
66668
66669
77771
77772
77773
77775
77776
77778
77779
88881
88882
88883
88885
88886
88887
88889
99991
99992
99993
99995
99996
99997
99998
12222
13333
15555
16666
17777
18888
19999
21111
23333
25555
26666
27777
28888
29999
31111
32222
35555
36666
37777
38888
39999
51111
52222
53333
56666
57777
58888
59999
61111
62222
63333
65555
67777
68888
69999
71111
72222
73333
75555
76666
78888
79999
81111
82222
83333
85555
86666
87777
89999
91111
92222
93333
95555
96666
97777
98888
11222
11333
11555
11666
11777
11888
11999
22111
22333
22555
22666
22777
22888
22999
33111
33222
33555
33666
33777
33888
33999
55111
55222
55333
55666
55777
55888
55999
66111
66222
66333
66555
66777
66888
66999
77111
77222
77333
77555
77666
77888
77999
88111
88222
88333
88555
88666
88777
88999
99111
99222
99333
99555
99666
99777
99888
11122
11133
11155
11166
11177
11188
11199
22211
22233
22255
22266
22277
22288
22299
33311
33322
33355
33366
33377
33388
33399
55511
55522
55533
55566
55577
55588
55599
66611
66622
66633
66655
66677
66688
66699
77711
77722
77733
77755
77766
77788
77799
88811
88822
88833
88855
88866
88877
88899
99911
99922
99933
99955
99966
99977
99988
12888
13888
15888
16888
17888
19888
21888
23888
25888
26888
27888
29888
31888
32888
35888
36888
37888
39888
51888
52888
53888
56888
57888
59888
61888
62888
63888
65888
67888
69888
71888
72888
73888
75888
76888
79888
81888
82888
83888
85888
86888
87888
89888
91888
92888
93888
95888
96888
97888
88812
88813
88815
88816
88817
88818
88819
88821
88823
88825
88826
88827
88828
88829
88831
88832
88835
88836
88837
88838
88839
88851
88852
88853
88856
88857
88858
88859
88861
88862
88863
88865
88867
88868
88869
88871
88872
88873
88875
88876
88878
88879
88891
88892
88893
88895
88896
88897
88898
18881
18882
18883
18885
18886
18887
18889
28881
28882
28883
28885
28886
28887
28889
38881
38882
38883
38885
38886
38887
38889
58881
58882
58883
58885
58886
58887
58889
68881
68882
68883
68885
68886
68887
68889
78881
78882
78883
78885
78886
78887
78889
98881
98882
98883
98885
98886
98887
98889
12666
13666
15666
17666
18666
19666
21666
23666
25666
27666
28666
29666
31666
32666
35666
37666
38666
39666
51666
52666
53666
57666
58666
59666
61666
62666
63666
65666
67666
68666
69666
71666
72666
73666
75666
78666
79666
81666
82666
83666
85666
87666
89666
91666
92666
93666
95666
97666
98666
12999
13999
15999
16999
17999
18999
21999
23999
25999
26999
27999
28999
31999
32999
35999
36999
37999
38999
51999
52999
53999
56999
57999
58999
61999
62999
63999
65999
67999
68999
71999
72999
73999
75999
76999
78999
81999
82999
83999
85999
86999
87999
91999
92999
93999
95999
96999
97999
98999
66612
66613
66615
66616
66617
66618
66619
66621
66623
66625
66626
66627
66628
66629
66631
66632
66635
66636
66637
66638
66639
66651
66652
66653
66656
66657
66658
66659
66671
66672
66673
66675
66676
66678
66679
66681
66682
66683
66685
66686
66687
66689
66691
66692
66693
66695
66696
66697
66698
99912
99913
99915
99916
99917
99918
99919
99921
99923
99925
99926
99927
99928
99929
99931
99932
99935
99936
99937
99938
99939
99951
99952
99953
99956
99957
99958
99959
99961
99962
99963
99965
99967
99968
99969
99971
99972
99973
99975
99976
99978
99979
99981
99982
99983
99985
99986
99987
99989
12111
13111
15111
16111
17111
18111
19111
23111
25111
26111
27111
28111
29111
32111
35111
36111
37111
38111
39111
52111
53111
56111
57111
58111
59111
62111
63111
65111
67111
68111
69111
72111
73111
75111
76111
78111
79111
82111
83111
85111
86111
87111
89111
92111
93111
95111
96111
97111
98111
13222
15222
16222
17222
18222
19222
21222
23222
25222
26222
27222
28222
29222
31222
35222
36222
37222
38222
39222
51222
53222
56222
57222
58222
59222
61222
63222
65222
67222
68222
69222
71222
73222
75222
76222
78222
79222
81222
83222
85222
86222
87222
89222
91222
93222
95222
96222
97222
98222
12333
15333
16333
17333
18333
19333
21333
25333
26333
27333
28333
29333
31333
32333
35333
36333
37333
38333
39333
51333
52333
56333
57333
58333
59333
61333
62333
65333
67333
68333
69333
71333
72333
75333
76333
78333
79333
81333
82333
85333
86333
87333
89333
91333
92333
95333
96333
97333
98333
12555
13555
16555
17555
18555
19555
21555
23555
26555
27555
28555
29555
31555
32555
36555
37555
38555
39555
51555
52555
53555
56555
57555
58555
59555
61555
62555
63555
67555
68555
69555
71555
72555
73555
76555
78555
79555
81555
82555
83555
86555
87555
89555
91555
92555
93555
96555
97555
98555
12777
13777
15777
16777
18777
19777
21777
23777
25777
26777
28777
29777
31777
32777
35777
36777
38777
39777
51777
52777
53777
56777
58777
59777
61777
62777
63777
65777
68777
69777
71777
72777
73777
75777
76777
78777
79777
81777
82777
83777
85777
86777
89777
91777
92777
93777
95777
96777
98777
11121
11123
11125
11126
11127
11128
11129
11131
11132
11135
11136
11137
11138
11139
11151
11152
11153
11156
11157
11158
11159
11161
11162
11163
11165
11167
11168
11169
11171
11172
11173
11175
11176
11178
11179
11181
11182
11183
11185
11186
11187
11189
11191
11192
11193
11195
11196
11197
11198
22212
22213
22215
22216
22217
22218
22219
22231
22232
22235
22236
22237
22238
22239
22251
22252
22253
22256
22257
22258
22259
22261
22262
22263
22265
22267
22268
22269
22271
22272
22273
22275
22276
22278
22279
22281
22282
22283
22285
22286
22287
22289
22291
22292
22293
22295
22296
22297
22298
33312
33313
33315
33316
33317
33318
33319
33321
33323
33325
33326
33327
33328
33329
33351
33352
33353
33356
33357
33358
33359
33361
33362
33363
33365
33367
33368
33369
33371
33372
33373
33375
33376
33378
33379
33381
33382
33383
33385
33386
33387
33389
33391
33392
33393
33395
33396
33397
33398
55512
55513
55515
55516
55517
55518
55519
55521
55523
55525
55526
55527
55528
55529
55531
55532
55535
55536
55537
55538
55539
55561
55562
55563
55565
55567
55568
55569
55571
55572
55573
55575
55576
55578
55579
55581
55582
55583
55585
55586
55587
55589
55591
55592
55593
55595
55596
55597
55598
77712
77713
77715
77716
77717
77718
77719
77721
77723
77725
77726
77727
77728
77729
77731
77732
77735
77736
77737
77738
77739
77751
77752
77753
77756
77757
77758
77759
77761
77762
77763
77765
77767
77768
77769
77781
77782
77783
77785
77786
77787
77789
77791
77792
77793
77795
77796
77797
77798