1111
1000
2000
3000
4000
5000
6000
7000
8000
9000
1357
2468
8642
1122
1133
1144
1155
1166
1177
1188
1199
2211
2222
2233
2244
2255
2266
2277
2288
2299
3311
3322
3344
3333
3355
3366
3377
3388
3399
5511
5522
5533
5544
5555
5566
5577
5588
5599
6611
6622
6644
6633
6655
6666
6677
6688
6699
7711
7722
7733
7755
7766
7777
7744
7788
7799
8811
8822
8833
8844
8855
8866
8877
8888
9911
9922
9933
9944
9955
9966
9977
9988
9999
1222
1333
1555
1666
1777
1888
1999
1000
2111
2444
2333
2555
2666
2777
2888
2999
2000
3111
3222
3444
3555
3666
3777
3888
3999
5111
5222
5333
5444
5666
5777
5888
5999
5000
6111
6222
6333
6444
6555
6777
6888
6999
6000
7111
7222
7333
7444
7555
7666
7888
7999
7000
8111
8222
8333
8444
8555
8666
8777
8999
8000
9111
9222
9333
9444
9555
9666
9777
9888
9000
1112
1113
1115
1116
1117
1118
1119
2221
2223
2225
2226
2227
2228
2229
3331
3332
3335
3336
3337
3338
3339
5551
5552
5553
5556
5557
5558
5559
6661
6662
6663
6665
6667
6668
6669
7771
7772
7773
7775
7776
7778
7779
8881
8882
8883
8885
8886
8887
8889
9991
9992
9993
9995
9996
9997
9998
4444
1234
2345
3456
4567
5678
6789
7890
0123
1234
2345
3456
4567
5678
6789
9876
8765
7654
6543
5432
4321
3210
1212
1313
1515
1616
1717
1818
1919
2121
2323
2525
2626
2727
2828
2929
3131
3232
3535
3636
3737
3838
3939
5151
5252
5353
5656
5757
5858
5959
6161
6262
6363
6565
6767
6868
6969
7171
7272
7373
7575
7676
7878
7979
8181
8282
8383
8585
8686
8787
8989
9191
9292
9393
9595
9696
9797
9898
1288
1388
1588
1688
1788
1988
2188
2388
2588
2688
2788
2988
3188
3288
3588
3688
3788
3988
5188
5288
5388
5688
5788
5988
6188
6288
6388
6588
6788
6988
7188
7288
7388
7588
7688
7988
8188
8288
8388
8588
8688
8788
8988
9188
9288
9388
9588
9688
9788
8812
8813
8815
8816
8817
8818
8819
8821
8823
8825
8826
8827
8828
8829
8831
8832
8835
8836
8837
8838
8839
8851
8852
8853
8856
8857
8858
8859
8861
8862
8863
8865
8867
8868
8869
8871
8872
8873
8875
8876
8878
8879
8891
8892
8893
8895
8896
8897
8898
1881
1882
1883
1885
1886
1887
1889
2881
2882
2883
2885
2886
2887
2889
3881
3882
3883
3885
3886
3887
3889
5881
5882
5883
5885
5886
5887
5889
6881
6882
6883
6885
6886
6887
6889
7881
7882
7883
7885
7886
7887
7889
9881
9882
9883
9885
9886
9887
9889
8182
8183
8185
8186
8187
8189
8281
8283
8285
8286
8287
8289
8381
8382
8385
8386
8387
8389
8581
8582
8583
8586
8587
8589
8681
8682
8683
8685
8687
8688
8689
8781
8782
8783
8785
8786
8789
8981
8982
8983
8985
8986
8987
1828
1838
1858
1868
1878
1898
2818
2838
2858
2868
2878
2898
3818
3828
3858
3868
3878
3898
5818
5828
5838
5868
5878
5898
6818
6828
6838
6858
6878
6898
7818
7828
7838
7858
7868
7898
9818
9828
9838
9858
9868
9878
1266
1366
1566
1766
1866
1966
2166
2366
2566
2766
2866
2966
3166
3266
3566
3766
3866
3966
5166
5266
5366
5766
5866
5966
6166
6266
6366
6566
6766
6866
6966
7166
7266
7366
7566
7866
7966
8166
8266
8366
8566
8766
8966
9166
9266
9366
9566
9766
9866
6612
6613
6615
6616
6617
6618
6619
6621
6623
6625
6626
6627
6628
6629
6631
6632
6635
6636
6637
6638
6639
6651
6652
6653
6656
6657
6658
6659
6671
6672
6673
6675
6676
6678
6679
6681
6682
6683
6685
6686
6687
6689
6691
6692
6693
6695
6696
6697
6698
1299
1399
1599
1699
1799
1899
2199
2399
2599
2699
2799
2899
3199
3299
3599
3699
3799
3899
5199
5299
5399
5699
5799
5899
6199
6299
6399
6599
6799
6899
7199
7299
7399
7599
7699
7899
8199
8299
8399
8599
8699
8799
9199
9299
9399
9599
9699
9799
9899
9912
9913
9915
9916
9917
9918
9919
9921
9923
9925
9926
9927
9928
9929
9931
9932
9935
9936
9937
9938
9939
9951
9952
9953
9956
9957
9958
9959
9961
9962
9963
9965
9967
9968
9969
9971
9972
9973
9975
9976
9978
9979
9981
9982
9983
9985
9986
9987
9989
5811
5812
5813
5815
5816
5817
5818
5819
5821
5822
5823
5825
5826
5827
5828
5829
5831
5832
5833
5835
5836
5837
5838
5839
5851
5852
5853
5855
5856
5857
5859
5861
5862
5863
5865
5867
5868
5869
5871
5872
5873
5875
5876
5877
5878
5879
5891
5892
5893
5895
5896
5897
5898
1211
1311
1511
1611
1711
1811
1911
2311
2511
2611
2711
2811
2911
3211
3511
3611
3711
3811
3911
5211
5311
5611
5711
5911
6211
6311
6511
6711
6811
6911
7211
7311
7511
7611
7811
7911
8211
8311
8511
8611
8711
8911
9211
9311
9511
9611
9711
9811
1322
1522
1622
1722
1822
1922
2122
2322
2522
2622
2722
2822
2922
3122
3522
3622
3722
3822
3922
5122
5322
5622
5722
5922
6122
6322
6522
6722
6822
6922
7122
7322
7522
7622
7822
7922
8122
8322
8522
8622
8722
8922
9122
9322
9522
9622
9722
9822
1233
1533
1633
1733
1833
1933
2133
2533
2633
2733
2833
2933
3133
3233
3533
3633
3733
3833
3933
5133
5233
5633
5733
5933
6133
6233
6533
6733
6833
6933
7133
7233
7533
7633
7833
7933
8133
8233
8533
8633
8733
8933
9133
9233
9533
9633
9733
9833
1255
1355
1655
1755
1855
1955
2155
2355
2655
2755
2855
2955
3155
3255
3655
3755
3855
3955
5155
5255
5355
5655
5755
5955
6155
6255
6355
6755
6855
6955
7155
7255
7355
7655
7855
7955
8155
8255
8355
8655
8755
8955
9155
9255
9355
9655
9755
9855
1277
1377
1577
1677
1777
1877
1977
2177
2377
2577
2677
2877
2977
3177
3277
3577
3677
3877
3977
5177
5277
5377
5677
5977
6177
6277
6377
6577
6877
6977
7177
7277
7377
7577
7677
7877
7977
8177
8277
8377
8577
8677
8977
9177
9277
9377
9577
9677
9877
1121
1123
1125
1126
1127
1128
1129
1131
1132
1135
1136
1137
1138
1139
1151
1152
1153
1156
1157
1158
1159
1161
1162
1163
1165
1167
1168
1169
1171
1172
1173
1175
1176
1178
1179
1181
1182
1183
1185
1186
1187
1189
1191
1192
1193
1195
1196
1197
1198
2212
2213
2215
2216
2217
2218
2219
2231
2232
2235
2236
2237
2238
2239
2251
2252
2253
2256
2257
2258
2259
2261
2262
2263
2265
2267
2268
2269
2271
2272
2273
2275
2276
2278
2279
2281
2282
2283
2285
2286
2287
2289
2291
2292
2293
2295
2296
2297
2298
3312
3313
3315
3316
3317
3318
3319
3321
3323
3325
3326
3327
3328
3329
3351
3352
3353
3356
3357
3358
3359
3361
3362
3363
3365
3367
3368
3369
3371
3372
3373
3375
3376
3378
3379
3381
3382
3383
3385
3386
3387
3389
3391
3392
3393
3395
3396
3397
3398
5512
5513
5515
5516
5517
5518
5519
5521
5523
5525
5526
5527
5528
5529
5531
5532
5535
5536
5537
5538
5539
5561
5562
5563
5565
5567
5568
5569
5571
5572
5573
5575
5576
5578
5579
5581
5582
5583
5585
5586
5587
5589
5591
5592
5593
5595
5596
5597
5598
7712
7713
7715
7716
7717
7718
7719
7721
7723
7725
7726
7727
7728
7729
7731
7732
7735
7736
7737
7738
7739
7751
7752
7753
7756
7757
7758
7759
7761
7762
7763
7765
7767
7768
7769
7781
7782
7783
7785
7786
7787
7789
7791
7792
7793
7795
7796
7797
7798
1231
1232
1233
1235
1236
1237
1238
1239
5671
5672
5673
5675
5676
5677
5679
6781
6782
6782
6785
6786
7891
7892
7893
7895
7896
7897
7898
