111111
222222
333333
444444
555555
666666
777777
888888
999999
123456
654321
234567
345678
456789
111222
111333
111555
111666
111777
111888
111999
222111
222333
222555
222666
222777
222888
222999
333111
333222
333555
333666
333444
333777
333888
333999
444111
444222
444333
444555
444666
444777
444888
444999
555111
555222
555333
555444
555666
555777
555888
555999
666111
666222
666333
666444
666555
666777
666888
666999
777111
777222
777333
777555
777666
777888
777999
888111
888222
888333
888555
888666
888777
888999
999111
999222
999333
999555
999444
999666
999777
999888
7

