012
444
234
345
456
654
543
432
246
248
008
007
001
006
111
112
113
115
116
117
118
119
121
122
123
125
126
128
131
133
136
138
151
152
155
156
158
161
162
163
165
166
168
169
171
176
177
178
181
182
183
185
186
187
188
189
191
196
198
199
211
212
216
218
221
222
223
225
226
227
228
229
232
233
236
238
252
255
256
258
261
262
263
265
266
267
268
269
272
277
278
281
282
283
285
286
287
288
289
292
296
298
299
311
313
316
318
321
322
323
326
328
331
332
333
335
336
337
338
339
355
356
358
361
362
363
365
366
367
368
369
376
377
378
381
382
383
385
386
387
388
389
393
396
399
511
512
515
516
518
521
522
526
528
533
536
538
551
552
553
555
556
557
558
559
561
562
563
565
566
567
568
569
575
576
577
578
581
582
583
585
586
587
588
589
596
598
599
611
612
613
615
616
617
618
619
621
622
623
625
626
627
628
629
631
632
633
635
636
637
638
639
651
652
653
655
656
657
658
659
661
662
663
665
666
667
668
669
671
672
673
675
676
677
678
679
681
682
683
685
686
687
688
689
691
692
693
695
696
697
698
699
711
716
718
722
726
728
733
736
738
755
756
757
758
761
762
763
765
766
767
768
769
771
772
773
775
776
777
778
779
781
782
783
785
786
787
788
789
796
797
798
799
811
812
813
815
816
817
818
819
821
822
823
825
826
827
828
829
831
832
833
835
836
837
838
839
851
852
853
855
856
857
858
859
861
862
863
865
866
867
868
869
871
872
873
875
876
877
878
879
881
882
883
885
886
887
888
889
891
892
893
895
896
897
898
899
911
916
918
919
922
926
928
933
936
938
939
955
956
958
959
961
962
963
965
966
967
968
969
976
977
978
979
981
982
983
985
986
987
988
989
991
992
993
995
996
997
998
999